504.639	-1.39817	
505.126	0	
505.613	-1.39527	
506.1	4.88221	
506.588	-2.78727	
507.074	0.696182	
507.561	2.08669	
508.048	-4.169	
508.535	-0.693078	
509.021	-3.45682	
509.508	6.90531	
509.994	-0.689699	
510.48	0	
510.966	-1.37613	
511.452	-0.688258	
511.938	-5.50821	
512.424	6.87483	
512.91	-2.745	
513.396	-1.36958	
513.881	3.41641	
514.367	4.78536	
514.852	-0.684561	
515.337	-0.683392	
515.823	10.9008	
516.308	3.40278	
516.793	4.08356	
517.277	3.39831	
517.762	4.06805	
518.247	0	
518.731	2.03345	
519.216	-6.09556	
519.7	-2.02675	
520.185	2.69675	
520.669	4.03968	
521.153	-1.34543	
521.637	4.03738	
522.121	-3.36344	
522.605	6.71309	
523.088	9.38108	
523.572	2.67802	
524.056	6.01951	
524.539	1.33479	
525.022	3.3307	
525.505	0.668703	
525.989	-5.37012	
526.472	5.35729	
526.955	-3.33978	
527.437	0	
527.92	-4.01573	
528.403	-6.02573	
528.885	6.02688	
529.368	4.02038	
529.85	0.670561	
530.332	-0.670794	
530.814	9.3927	
531.297	5.36901	
531.778	9.39974	
532.26	-0.671338	
532.742	4.69673	
533.224	4.02314	
533.705	6.70014	
534.187	-0.670063	
534.668	8.05189	
535.149	6.04159	
535.63	10.0527	
536.112	8.03193	
536.593	4.68509	
537.073	7.36143	
537.554	4.0132	
538.035	4.68044	
538.516	11.3895	
538.996	12.0836	
539.476	6.708	
539.957	4.69191	
540.437	10.0481	
540.917	8.03381	
541.397	12.7163	
541.877	8.69852	
542.357	14.0458	
542.836	7.35391	
543.316	20.7074	
543.795	8.67479	
544.275	17.3324	
544.754	16.6498	
545.233	10.6488	
545.712	19.2941	
546.191	25.948	
546.67	29.2924	
547.149	23.3114	
547.628	27.3112	
548.107	29.3084	
548.585	23.9648	
549.063	22.6226	
549.542	35.2813	
550.02	27.3052	
550.498	36.6201	
550.976	43.2679	
551.454	47.8846	
551.932	52.4912	
552.41	46.4341	
552.887	53.6353	
553.365	53.6552	
553.842	64.9835	
554.32	74.2329	
554.797	64.8763	
555.274	82.7102	
555.751	87.3453	
556.228	76.1495	
556.705	88.1934	
557.182	99.5208	
557.658	104.738	
558.135	118.599	
558.611	106.052	
559.088	115.328	
559.564	123.702	
560.04	144.65	
560.516	152.415	
560.992	150.254	
561.468	160.702	
561.944	169.124	
562.419	191.702	
562.895	188.448	
563.371	193.196	
563.846	217.223	
564.321	222.569	
564.796	244.478	
565.271	248.808	
565.747	262.76	
566.221	271.116	
566.696	297.821	
567.171	299.822	
567.645	313.184	
568.12	326.562	
568.594	342.664	
569.069	348.783	
569.543	366.469	
570.017	378.16	
570.491	380.45	
570.965	402.183	
571.439	385.904	
571.912	412.606	
572.386	439.505	
572.859	446.792	
573.333	450.69	
573.806	456.217	
574.279	473.867	
574.753	492.355	
575.225	472.976	
575.698	496.648	
576.171	499.497	
576.644	471.981	
577.117	522.902	
577.589	479.811	
578.062	495.761	
578.534	514.561	
579.006	522.511	
579.478	518.385	
579.95	517.658	
580.422	533.153	
580.894	517.225	
581.366	507.55	
581.837	518.202	
582.309	546.51	
582.78	527.996	
583.252	532.913	
583.723	515.522	
584.194	512.017	
584.665	530.678	
585.136	496.12	
585.607	513.202	
586.078	480.175	
586.548	497.532	
587.019	490.891	
587.489	495.63	
587.96	484.548	
588.43	487.047	
588.9	479.881	
589.37	451.438	
589.84	446.458	
590.31	430.955	
590.78	448.586	
591.249	416.4	
591.719	427.186	
592.188	419.87	
592.658	425.625	
593.127	389.679	
593.596	402.971	
594.065	395.402	
594.534	398.837	
595.003	375.875	
595.472	392.673	
595.94	357.91	
596.409	357.322	
596.877	351.059	
597.346	345.442	
597.814	341.902	
598.282	317.723	
598.75	318.856	
599.218	330.398	
599.686	310.33	
600.154	316.155	
600.622	291.799	
601.089	313.141	
601.557	308.967	
602.024	308.265	
602.491	292.174	
602.959	279.598	
603.426	265.037	
603.893	268.147	
604.359	283.232	
604.826	267.141	
605.293	273.085	
605.76	246.422	
606.226	244.466	
606.692	243.098	
607.159	230.385	
607.625	230.527	
608.091	236.376	
608.557	236.583	
609.023	233.932	
609.489	224.768	
609.954	232.014	
610.42	225.021	
610.885	225.885	
611.351	218.257	
611.816	204.193	
612.281	191.56	
612.746	213.4	
613.211	210.027	
613.676	195.024	
614.141	193.703	
614.606	194.578	
615.07	207.732	
615.535	195.003	
615.999	177.902	
616.464	187.183	
616.928	181.284	
617.392	175.69	
617.856	185.339	
618.32	186.839	
618.784	174.491	
619.247	173.118	
619.711	188.519	
620.174	159.694	
620.638	187.521	
621.101	169.529	
621.564	188.479	
622.027	181.233	
622.49	181.26	
622.953	166.727	
623.416	157.455	
623.879	178.835	
624.341	173.124	
624.804	171.024	
625.266	161.744	
625.729	159.865	
626.191	164.469	
626.653	154.954	
627.115	154.973	
627.577	149.823	
628.039	157.166	
628.5	166.819	
628.962	158.835	
629.424	156.868	
629.885	153.432	
630.346	145.352	
630.807	132.041	
631.269	154.304	
631.73	147.902	
632.191	146.564	
632.651	144.343	
633.112	140.678	
633.573	130.451	
634.033	137.997	
634.494	129.062	
634.954	131.997	
635.414	133.64	
635.874	141.255	
636.334	127.287	
636.794	123.713	
637.254	130.496	
637.714	130.507	
638.173	120.822	
638.633	106.659	
639.092	119.348	
639.552	120.103	
640.011	124.591	
640.47	115.716	
640.929	106.829	
641.388	116.646	
641.847	116.756	
642.305	107.827	
642.764	111.599	
643.223	99.662	
643.681	125.228	
644.139	111.034	
644.598	114.783	
645.056	114.041	
645.514	85.5969	
645.972	102.194	
646.429	98.4978	
646.887	91.0339	
647.345	105.413	
647.802	96.4616	
648.26	103.322	
648.717	90.5607	
649.174	83.1076	
649.631	79.4791	
650.088	91.7477	
650.545	78.9414	
651.002	88.9035	
651.459	83.6821	
651.915	78.4483	
652.372	99.8675	
652.828	75.539	
653.285	81.7375	
653.741	76.4909	
654.197	81.1495	
654.653	71.9804	
655.109	75.0603	
655.565	80.4349	
656.02	73.5573	
656.476	71.3756	
656.932	82.2549	
657.387	65.4093	
657.842	70.0902	
658.298	62.443	
658.753	69.4411	
659.208	64.064	
659.663	66.3654	
660.117	59.404	
660.572	72.4871	
661.027	61.6716	
661.481	57.9162	
661.936	56.4681	
662.39	73.5838	
662.844	55.8395	
663.298	58.1922	
663.752	71.3838	
664.206	58.9699	
664.66	63.6254	
665.114	55.8697	
665.567	56.6597	
666.021	46.5825	
666.474	57.5023	
666.927	54.4418	
667.381	42.7547	
667.834	59.8115	
668.287	44.2872	
668.74	58.3211	
669.193	46.6858	
669.645	47.4799	
670.098	53.7288	
670.55	42.0774	
671.003	42.8859	
671.455	38.2416	
671.907	43.7438	
672.359	40.6676	
672.811	32.1053	
673.263	39.1758	
673.715	50.1502	
674.167	43.89	
674.618	38.4174	
675.07	36.8638	
675.521	36.1005	
675.973	36.1215	
676.424	32.2409	
676.875	32.2883	
677.326	33.869	
677.777	40.9444	
678.228	39.3584	
678.678	39.3491	
679.129	34.6222	
679.579	36.199	
680.03	33.8413	
680.48	30.7002	
680.93	30.7071	
681.38	37.0808	
681.83	26.8874	
682.28	27.7232	
682.73	31.7215	
683.18	22.2335	
683.629	31.8074	
684.079	24.6793	
684.528	29.453	
684.977	35.8178	
685.427	35.0481	
685.876	29.4957	
686.325	25.5301	
686.773	35.1317	
687.222	27.9729	
687.671	23.2045	
688.12	34.45	
688.568	31.2934	
689.016	31.3399	
689.465	20.8957	
689.913	28.936	
690.361	20.1002	
690.809	26.5408	
691.257	27.3611	
691.704	16.9128	
692.152	25.7953	
692.6	29.0528	
693.047	16.1597	
693.495	29.1354	
693.942	15.4023	
694.389	27.5863	
694.836	23.5476	
695.283	25.9902	
695.73	30.8623	
696.177	20.3184	
696.623	20.3557	
697.07	15.4972	
697.516	13.0658	
697.963	17.9869	
698.409	13.9173	
698.855	25.4124	
699.301	19.7057	
699.747	28.7876	
700.193	22.2377	
700.639	9.06754	
701.084	19.8062	
701.53	24.8156	
701.975	15.7532	
702.421	24.9743	
702.866	15.8825	
703.311	20.0794	
703.756	9.19806	
704.201	13.3871	
704.646	11.7371	
705.09	19.3228	
705.535	25.2663	
705.98	24.4846	
706.424	15.2086	
706.868	8.45481	
707.313	16.0845	
707.757	19.5002	
708.201	8.48996	
708.645	12.75	
709.089	13.6153	
709.532	11.9235	
709.976	11.9336	
710.419	11.9628	

